0.062446451255351976
0.5515169196574663
0.8243695878298354
0.8645759240846682
0.1641580035711665
0.0803613531178311
0.26058786927240063
0.46600593692605563
0.9170206632553564
0.07293517102942881
0.41495222706009605
0.4927877218993073
0.0995900693300138
0.47136749324695515
0.796325643574118
0.0867157751984966
0.2579440622940852
0.6465318136482636
0.8791842491369779
0.5348206518592633
0.21497063289346796
0.10390372829602912
0.32675117170742674
0.08901517091191735
0.20902996553668673
0.0006394551068615861
0.042472988113417154
0.40003519347893923
0.12663987877835203
0.7044707473175909
0.45893012048226844
0.7111840803191303
0.6169039451075522
0.20513929402174602
0.005153019084058075
0.30388873448472564
0.09046534993565047
0.4676808330020308
0.8474675083466805
0.6095824480426077
0.15232806001020216
0.1282342197969859
0.29001811709109715
0.26756098055102884
0.030678276719867448
0.0520468125882374
0.6339630674394428
0.12970859472504115
0.5651407334128453
0.41360078401408185
0.0014219251788663012
0.091373145042982
0.46557800473419997
0.8680501870924036
0.8044670098339548
0.9226870536735674
0.430290378577705
0.7418371736930427
0.3499162841380625
0.9944298392794155
0.7405690078509555
0.09787992855412919
0.8027337090550197
0.6721935832862769
0.16096508338129123
0.2789007084105388
0.6156719866259144
0.6812452620886178
0.5209290639636044
0.7275583229436158
0.1407388574983901
0.36007604115647296
0.6222774867913505
0.2900145693536642
0.004513004948192956
0.6920213672306996
0.09056969318822339
0.20696408440578717
0.2138725617337629
0.7532554580513675
0.5824611648155575
0.9718049378160092
0.8728259441662243
0.41363374067126757
0.4208603935252957
0.3536404784941327
0.19336903128184346
0.35204305550683546
0.47034419512706616
0.350205836730336
0.40800896740298276
0.10948159444288863
0.3360622089779546
0.5120341522167464
0.7840130467265656
0.7008675303324574
0.5513120847680133
0.04384222136267679
0.4368930951523946
0.26872529097110176
